----------- bn_0_5 -----------
cnn_0052.v4_gold_conll	2/3|	1 0 1 0
cnn_0057.v4_gold_conll	1/2|	1 0 0
cnn_0064.v4_gold_conll	4/4|	1 1 1 1 0
cnn_0092.v4_gold_conll	2/2|	1 1 0
cnn_0102.v4_gold_conll	1/2|	1 0 0
cnn_0122.v4_gold_conll	2/2|	1 1 0
cnn_0177.v4_gold_conll	1/4|	0 0 1 0 0
cnn_0193.v4_gold_conll	3/4|	1 1 1 0 0
cnn_0214.v4_gold_conll	2/4|	1 1 0 0 0
cnn_0262.v4_gold_conll	2/2|	1 1 0
cnn_0421.v4_gold_conll	2/4|	1 0 1 0 0
nbc_0017.v4_gold_conll	2/2|	1 1 0
pri_0008.v4_gold_conll	3/3|	1 1 1 0
voa_0013.v4_gold_conll	2/3|	1 1 0 0
voa_0017.v4_gold_conll	1/1|	1 0
voa_0034.v4_gold_conll	1/2|	1 0 0
voa_0043.v4_gold_conll	0/0|	0
voa_0046.v4_gold_conll	1/4|	0 1 0 0 0
voa_0058.v4_gold_conll	2/3|	1 1 0 0
voa_0087.v4_gold_conll	1/3|	0 1 0 0
voa_0104.v4_gold_conll	3/3|	1 1 1 0
voa_0112.v4_gold_conll	2/2|	1 1 0
voa_0125.v4_gold_conll	1/1|	1 0
voa_0127.v4_gold_conll	2/3|	0 1 1 0
voa_0162.v4_gold_conll	1/1|	1 0
voa_0182.v4_gold_conll	1/1|	1 0
voa_0184.v4_gold_conll	3/3|	1 1 1 0
voa_0203.v4_gold_conll	1/1|	1 0
voa_0208.v4_gold_conll	2/2|	1 1 0
voa_0258.v4_gold_conll	1/1|	1 0
----------- bn_10_15 -----------
cnn_0005.v4_gold_conll	7/11|	1 0 0 0 1 1 1 1 1 1 0 0
cnn_0067.v4_gold_conll	7/14|	1 0 0 1 1 0 0 0 0 1 1 0 1 1 0
cnn_0111.v4_gold_conll	6/11|	1 0 0 1 1 1 1 1 0 0 0 0
cnn_0145.v4_gold_conll	4/12|	0 0 0 0 1 0 0 0 1 1 0 1 0
cnn_0156.v4_gold_conll	5/10|	0 0 0 1 1 1 0 0 1 1 0
cnn_0246.v4_gold_conll	4/10|	0 0 0 0 1 0 1 0 1 1 0
cnn_0263.v4_gold_conll	8/11|	0 1 1 1 1 1 0 1 1 0 1 0
cnn_0275.v4_gold_conll	5/13|	0 1 1 0 0 0 1 0 0 1 1 0 0 0
cnn_0356.v4_gold_conll	4/11|	1 1 0 0 0 0 0 0 1 1 0 0
cnn_0361.v4_gold_conll	7/10|	1 1 1 0 1 0 1 0 1 1 0
cnn_0364.v4_gold_conll	9/13|	0 1 0 0 1 1 1 1 1 1 1 1 0 0
cnn_0381.v4_gold_conll	4/13|	1 0 0 0 0 0 0 1 1 1 0 0 0 0
cnn_0384.v4_gold_conll	4/14|	0 0 0 0 1 0 0 0 1 0 0 1 0 1 0
cnn_0417.v4_gold_conll	7/11|	1 1 1 0 1 0 0 0 1 1 1 0
cnn_0422.v4_gold_conll	5/11|	1 1 0 0 0 0 0 1 0 1 1 0
mnb_0002.v4_gold_conll	6/12|	1 0 0 1 0 0 1 1 0 0 1 1 0
mnb_0005.v4_gold_conll	10/14|	1 0 1 1 0 0 1 1 1 1 1 1 0 1 0
pri_0007.v4_gold_conll	5/12|	0 0 1 1 0 0 0 0 1 1 0 1 0
pri_0018.v4_gold_conll	6/11|	1 0 0 1 0 1 1 1 0 1 0 0
pri_0025.v4_gold_conll	9/12|	1 1 1 1 0 1 1 1 0 1 1 0 0
pri_0032.v4_gold_conll	6/10|	0 0 0 0 1 1 1 1 1 1 0
pri_0034.v4_gold_conll	6/13|	0 1 1 1 0 0 0 0 1 0 1 1 0 0
pri_0102.v4_gold_conll	5/11|	0 1 0 0 1 1 1 0 0 1 0 0
voa_0024.v4_gold_conll	9/14|	1 1 1 0 1 0 0 1 1 1 0 1 1 0 0
voa_0032.v4_gold_conll	8/14|	1 1 1 0 0 1 1 0 0 0 1 1 1 0 0
voa_0113.v4_gold_conll	10/12|	1 1 1 1 1 1 1 0 1 1 1 0 0
voa_0117.v4_gold_conll	6/12|	0 0 1 1 1 1 0 0 1 0 1 0 0
voa_0122.v4_gold_conll	5/10|	0 0 1 1 1 1 1 0 0 0 0
voa_0246.v4_gold_conll	11/14|	0 0 1 1 1 1 1 1 1 1 1 1 1 0 0
voa_0252.v4_gold_conll	3/10|	0 0 1 0 1 1 0 0 0 0 0
----------- bn_15_20 -----------
abc_0007.v4_gold_conll	7/18|	0 1 1 0 0 0 0 0 0 1 0 0 1 1 1 1 0 0 0
abc_0016.v4_gold_conll	9/18|	1 0 0 0 1 1 1 0 1 0 1 0 0 1 1 1 0 0 0
abc_0048.v4_gold_conll	4/17|	1 0 0 0 1 0 0 0 0 1 0 0 0 0 1 0 0 0
abc_0067.v4_gold_conll	8/15|	1 0 0 0 1 1 1 1 1 1 0 0 1 0 0 0
cnn_0058.v4_gold_conll	2/17|	0 0 0 0 0 0 1 0 1 0 0 0 0 0 0 0 0 0
cnn_0096.v4_gold_conll	4/15|	0 0 0 1 0 0 1 1 0 0 0 1 0 0 0 0
cnn_0147.v4_gold_conll	2/15|	0 0 1 0 0 1 0 0 0 0 0 0 0 0 0 0
cnn_0175.v4_gold_conll	10/15|	1 0 1 1 0 1 1 0 1 1 1 1 1 0 0 0
cnn_0185.v4_gold_conll	3/16|	0 0 1 1 0 0 0 0 0 0 0 1 0 0 0 0 0
cnn_0231.v4_gold_conll	7/16|	1 0 0 0 0 0 0 1 1 1 0 0 1 0 1 1 0
cnn_0245.v4_gold_conll	9/16|	1 1 0 1 0 0 1 1 1 0 0 1 1 0 1 0 0
cnn_0252.v4_gold_conll	2/18|	1 0 0 0 0 0 0 0 0 0 0 0 0 0 0 1 0 0 0
cnn_0267.v4_gold_conll	10/17|	1 1 1 0 1 1 1 0 0 0 1 0 1 0 1 1 0 0
cnn_0337.v4_gold_conll	10/17|	0 0 1 0 1 1 1 1 1 1 0 0 1 0 0 1 1 0
cnn_0374.v4_gold_conll	6/17|	0 0 1 0 1 1 0 1 0 0 0 1 0 1 0 0 0 0
cnn_0386.v4_gold_conll	13/18|	0 1 0 1 1 1 1 1 1 1 1 1 1 1 0 1 0 0 0
mnb_0007.v4_gold_conll	7/17|	0 1 0 1 0 0 1 1 0 0 0 0 0 1 0 1 1 0
mnb_0016.v4_gold_conll	10/15|	1 1 1 1 1 0 1 0 0 0 1 1 0 1 1 0
nbc_0003.v4_gold_conll	3/15|	0 0 0 1 0 0 1 0 0 0 0 0 1 0 0 0
nbc_0005.v4_gold_conll	12/19|	0 0 0 1 1 1 1 1 1 0 0 1 0 1 1 1 1 1 0 0
nbc_0014.v4_gold_conll	7/15|	0 1 1 1 1 1 0 0 0 0 0 1 1 0 0 0
nbc_0015.v4_gold_conll	7/17|	1 0 1 0 0 1 1 1 0 0 0 0 1 0 1 0 0 0
nbc_0028.v4_gold_conll	7/15|	0 0 0 0 0 1 1 1 1 1 0 0 1 1 0 0
voa_0014.v4_gold_conll	11/16|	1 0 0 0 1 1 1 1 1 1 1 1 1 1 0 0 0
voa_0074.v4_gold_conll	13/16|	1 0 1 1 1 1 1 1 1 0 1 1 1 1 1 0 0
voa_0181.v4_gold_conll	12/17|	0 0 1 1 1 1 1 1 1 1 1 1 0 0 1 1 0 0
voa_0212.v4_gold_conll	13/18|	0 1 1 1 0 0 0 1 1 1 1 1 1 1 1 1 1 0 0
voa_0231.v4_gold_conll	8/18|	0 0 1 1 1 0 1 1 0 0 0 1 0 0 0 1 1 0 0
voa_0245.v4_gold_conll	12/18|	0 0 1 1 1 1 1 1 1 1 0 0 1 1 1 1 0 0 0
voa_0253.v4_gold_conll	13/16|	1 1 1 1 0 1 0 1 1 1 1 1 1 1 1 0 0
----------- bn_20_25 -----------
abc_0003.v4_gold_conll	17/23|	0 1 1 0 1 1 1 1 0 1 1 1 0 1 1 1 1 1 1 0 1 1 0 0
abc_0005.v4_gold_conll	9/20|	0 0 1 0 0 0 1 0 0 1 1 1 1 0 1 0 1 0 1 0 0
abc_0017.v4_gold_conll	11/23|	0 0 1 0 1 1 0 1 1 0 0 0 0 0 1 0 1 1 1 0 1 1 0 0
abc_0018.v4_gold_conll	6/21|	0 0 0 0 0 1 1 0 1 0 1 0 0 0 1 0 0 0 1 0 0 0
abc_0028.v4_gold_conll	9/23|	1 1 0 1 0 0 0 0 1 0 0 1 0 1 0 0 0 1 1 1 0 0 0 0
abc_0041.v4_gold_conll	7/24|	0 1 0 0 0 0 0 0 1 1 0 1 0 0 0 1 0 0 1 1 0 0 0 0 0
abc_0042.v4_gold_conll	6/21|	1 0 0 0 0 1 0 0 0 0 0 0 1 1 0 0 1 1 0 0 0 0
abc_0064.v4_gold_conll	7/22|	0 0 0 0 0 0 1 0 0 1 0 0 0 1 1 1 1 0 1 0 0 0 0
cnn_0113.v4_gold_conll	13/22|	0 0 1 0 0 1 1 1 0 1 0 0 1 1 1 1 0 1 1 1 1 0 0
cnn_0152.v4_gold_conll	13/22|	0 0 0 0 0 1 1 0 1 1 1 1 1 1 1 1 1 0 1 1 0 0 0
cnn_0241.v4_gold_conll	16/22|	0 0 0 1 1 1 1 1 0 0 1 1 1 1 1 1 1 1 0 1 1 1 0
cnn_0265.v4_gold_conll	9/24|	0 0 1 1 1 1 1 0 0 0 0 1 0 0 0 1 1 0 0 0 1 0 0 0 0
cnn_0281.v4_gold_conll	10/21|	1 1 0 0 0 0 0 1 0 1 1 0 0 0 1 1 0 1 0 1 1 0
cnn_0283.v4_gold_conll	11/20|	0 1 1 0 1 1 1 1 1 0 1 1 1 0 0 0 1 0 0 0 0
cnn_0291.v4_gold_conll	5/20|	1 0 0 1 1 1 1 0 0 0 0 0 0 0 0 0 0 0 0 0 0
cnn_0314.v4_gold_conll	6/22|	0 0 1 0 0 1 1 0 0 0 0 0 0 0 0 0 1 0 1 1 0 0 0
cnn_0366.v4_gold_conll	13/24|	0 0 0 1 0 1 1 0 0 1 1 1 1 0 0 1 0 0 1 1 1 1 0 1 0
cnn_0371.v4_gold_conll	6/21|	1 1 0 1 0 0 0 0 1 1 0 0 0 0 0 0 0 1 0 0 0 0
cnn_0427.v4_gold_conll	7/22|	0 0 1 1 1 0 1 0 0 0 1 0 0 0 1 0 0 0 1 0 0 0 0
mnb_0012.v4_gold_conll	9/20|	1 0 0 0 0 0 1 1 0 0 1 1 1 1 0 0 1 1 0 0 0
mnb_0015.v4_gold_conll	9/23|	0 0 0 1 0 0 0 0 0 0 0 1 0 1 1 0 1 0 1 1 1 0 1 0
nbc_0004.v4_gold_conll	14/24|	0 0 0 1 1 1 1 0 0 1 1 1 1 0 0 0 1 1 1 0 1 1 1 0 0
nbc_0024.v4_gold_conll	9/23|	0 0 0 0 1 1 0 0 0 0 1 0 0 1 1 1 0 0 0 1 1 1 0 0
nbc_0026.v4_gold_conll	10/20|	1 0 0 0 0 1 1 1 0 1 1 0 0 0 1 1 1 1 0 0 0
nbc_0027.v4_gold_conll	7/21|	0 0 1 1 1 0 0 1 1 0 0 1 0 0 0 0 0 0 0 1 0 0
nbc_0033.v4_gold_conll	12/23|	0 1 1 1 0 0 1 1 1 1 0 0 1 0 1 1 0 1 0 0 0 1 0 0
pri_0112.v4_gold_conll	15/20|	1 0 1 1 1 1 1 1 1 1 1 0 0 1 1 1 1 1 0 0 0
voa_0075.v4_gold_conll	10/22|	1 1 0 0 1 0 0 1 0 0 0 0 1 1 0 1 1 1 1 0 0 0 0
voa_0163.v4_gold_conll	12/24|	1 1 0 0 1 1 0 1 1 0 0 0 0 0 0 0 0 1 1 1 1 1 1 0 0
voa_0235.v4_gold_conll	10/22|	1 1 0 0 1 1 1 0 0 0 0 1 1 0 0 1 1 0 0 1 0 0 0
----------- bn_25_30 -----------
abc_0001.v4_gold_conll	14/25|	1 0 1 1 1 1 0 1 1 0 0 0 0 0 1 1 1 1 0 1 0 1 0 1 0 0
abc_0015.v4_gold_conll	20/27|	0 0 0 0 0 0 1 1 1 1 1 1 1 1 1 1 1 1 1 1 1 1 1 1 1 1 0 0
abc_0051.v4_gold_conll	12/29|	1 0 0 1 1 1 1 0 0 0 0 1 1 0 0 1 1 0 0 1 0 0 0 1 1 0 0 0 0 0
abc_0052.v4_gold_conll	15/25|	1 0 1 1 1 1 1 0 0 1 0 1 0 1 1 1 0 1 1 1 0 1 0 0 0 0
abc_0063.v4_gold_conll	9/26|	1 0 0 0 0 0 0 0 1 1 1 0 0 1 1 0 1 0 0 0 0 0 0 1 1 0 0
cnn_0063.v4_gold_conll	12/27|	0 0 0 0 0 0 0 1 0 0 1 1 1 1 0 1 1 1 0 1 0 1 1 0 1 0 0 0
cnn_0141.v4_gold_conll	13/28|	1 0 0 1 0 0 1 0 0 0 1 0 0 1 1 1 0 0 0 1 1 1 1 1 1 0 0 0 0
cnn_0158.v4_gold_conll	8/26|	0 0 0 1 1 0 0 0 1 1 1 1 1 0 0 0 0 0 0 0 1 0 0 0 0 0 0
cnn_0208.v4_gold_conll	14/25|	1 0 0 1 1 1 1 1 0 0 1 1 1 0 0 0 0 0 0 0 1 1 1 1 1 0
cnn_0226.v4_gold_conll	14/25|	1 1 1 0 1 0 1 1 1 0 0 1 1 0 1 1 0 0 0 1 0 0 0 1 1 0
cnn_0254.v4_gold_conll	15/29|	1 1 0 0 1 0 1 1 1 0 0 0 1 0 1 1 0 0 1 0 1 1 1 1 0 1 0 0 0 0
cnn_0256.v4_gold_conll	9/25|	1 0 0 0 0 0 0 0 0 0 0 0 1 0 0 1 0 1 0 1 1 1 0 1 1 0
cnn_0257.v4_gold_conll	18/26|	0 0 0 0 1 1 0 0 1 1 1 1 1 1 1 1 1 1 1 1 1 1 1 0 1 0 0
cnn_0276.v4_gold_conll	9/29|	1 1 1 1 0 0 0 1 1 1 0 0 0 0 0 0 1 0 0 0 0 1 0 0 0 0 0 0 0 0
cnn_0313.v4_gold_conll	14/27|	1 1 1 0 0 1 1 0 0 0 1 0 0 1 1 1 0 1 0 1 1 0 0 1 0 0 1 0
cnn_0326.v4_gold_conll	6/27|	0 0 1 0 0 0 1 0 0 0 0 0 0 1 0 0 0 0 0 0 0 0 1 1 1 0 0 0
cnn_0347.v4_gold_conll	19/25|	1 0 0 0 1 1 1 1 1 1 1 1 1 1 1 1 1 0 1 1 0 1 0 1 1 0
cnn_0397.v4_gold_conll	15/28|	1 1 0 1 1 1 1 1 1 0 0 0 0 0 1 1 1 0 1 1 0 1 1 0 0 0 0 0 0
cnn_0423.v4_gold_conll	11/25|	1 0 0 0 0 1 1 1 1 0 0 1 1 1 0 0 1 0 0 0 1 0 0 0 1 0
mnb_0017.v4_gold_conll	5/26|	0 0 0 0 0 0 0 1 1 0 0 1 0 0 1 0 0 0 0 0 0 0 0 1 0 0 0
mnb_0025.v4_gold_conll	13/27|	1 0 1 1 1 1 1 0 1 1 0 0 0 0 0 1 0 0 0 0 1 0 1 1 0 0 1 0
nbc_0006.v4_gold_conll	10/26|	1 1 1 1 1 1 0 0 0 1 0 0 0 0 1 0 0 1 0 1 0 0 0 0 0 0 0
nbc_0008.v4_gold_conll	12/28|	1 0 1 1 0 1 0 0 0 1 1 0 0 1 0 1 1 0 0 1 0 0 0 1 0 0 1 0 0
nbc_0034.v4_gold_conll	18/27|	0 1 0 0 1 1 1 1 1 1 1 1 1 1 0 0 1 1 0 1 1 1 1 1 0 0 0 0
pri_0021.v4_gold_conll	21/29|	0 0 1 1 1 1 1 1 1 1 1 1 1 1 0 1 1 0 1 1 1 0 1 1 0 0 1 1 0 0
pri_0045.v4_gold_conll	20/28|	0 1 1 1 0 1 1 1 1 0 1 0 1 1 1 0 0 1 1 0 1 1 1 1 1 1 1 0 0
pri_0084.v4_gold_conll	17/29|	0 0 0 1 0 1 0 0 0 1 1 1 1 0 1 1 1 1 1 1 0 0 0 1 1 1 1 0 1 0
voa_0107.v4_gold_conll	18/28|	1 1 0 1 1 0 1 1 0 0 1 0 1 0 0 0 1 1 1 1 1 1 1 1 1 1 0 0 0
voa_0131.v4_gold_conll	15/27|	0 0 1 0 1 1 1 1 1 1 1 0 0 0 1 1 0 0 0 1 1 0 0 0 1 1 1 0
voa_0132.v4_gold_conll	19/27|	1 1 1 1 1 1 1 1 1 1 1 1 1 0 0 0 1 1 1 0 1 0 1 1 0 0 0 0
----------- bn_30_35 -----------
abc_0027.v4_gold_conll	18/33|	1 1 0 1 0 0 1 0 1 1 1 0 0 1 0 1 1 0 0 1 1 0 1 1 0 1 1 1 0 1 0 0 0 0
abc_0035.v4_gold_conll	5/34|	0 0 0 0 0 0 0 0 0 0 0 0 0 0 1 1 0 0 1 0 1 0 0 0 0 1 0 0 0 0 0 0 0 0 0
abc_0055.v4_gold_conll	16/34|	0 1 1 1 0 1 0 0 1 1 1 0 0 1 0 0 1 0 0 1 1 1 1 0 0 1 0 0 0 1 0 0 1 0 0
abc_0056.v4_gold_conll	3/32|	0 0 0 0 0 0 1 0 0 0 0 0 0 0 1 0 0 0 0 1 0 0 0 0 0 0 0 0 0 0 0 0 0
cnn_0198.v4_gold_conll	9/30|	0 0 0 0 0 0 0 1 1 0 0 1 0 0 0 1 0 0 0 1 1 0 1 1 0 1 0 0 0 0 0
cnn_0272.v4_gold_conll	16/30|	0 0 1 1 1 0 1 1 0 1 1 1 0 1 0 1 0 1 1 0 0 1 0 0 0 1 1 1 0 0 0
cnn_0288.v4_gold_conll	13/34|	1 1 0 1 0 0 1 0 1 1 1 1 1 0 0 1 0 0 0 0 0 0 0 0 1 0 0 0 0 1 0 0 1 0 0
cnn_0332.v4_gold_conll	23/33|	1 1 1 1 1 1 1 1 1 1 1 1 1 1 1 1 1 1 0 1 1 0 0 1 0 0 0 0 1 0 0 0 1 0
cnn_0334.v4_gold_conll	13/30|	1 0 1 0 0 0 0 0 1 1 0 0 1 0 0 0 0 1 0 1 1 1 1 0 1 1 0 1 0 0 0
cnn_0343.v4_gold_conll	10/31|	1 0 1 0 0 0 1 1 0 0 1 0 1 1 0 0 0 0 1 1 0 0 0 0 0 1 0 0 0 0 0 0
cnn_0383.v4_gold_conll	20/34|	1 1 1 1 0 0 0 0 0 1 1 1 1 0 0 1 1 1 1 1 0 1 1 0 1 1 0 0 0 0 1 1 1 0 0
cnn_0408.v4_gold_conll	16/31|	0 1 1 0 1 1 1 0 0 1 1 1 0 1 1 0 0 0 0 0 1 1 1 1 0 0 1 0 1 0 0 0
cnn_0426.v4_gold_conll	15/34|	0 1 0 0 1 1 0 0 0 1 0 0 0 1 1 0 1 0 1 0 0 1 1 1 0 0 0 0 1 0 1 1 1 0 0
mnb_0013.v4_gold_conll	16/33|	0 0 1 0 0 1 1 1 0 0 1 1 1 0 1 0 0 1 0 0 1 1 0 0 1 1 0 0 1 1 0 1 0 0
nbc_0001.v4_gold_conll	10/30|	1 0 1 0 1 0 1 0 0 0 0 0 0 0 0 0 0 0 1 1 0 1 1 0 0 0 1 1 0 0 0
pri_0006.v4_gold_conll	16/31|	0 0 1 1 1 0 1 0 0 0 0 1 1 0 0 1 1 0 0 1 1 0 1 0 1 1 1 0 1 1 0 0
pri_0028.v4_gold_conll	18/32|	0 0 1 1 0 0 0 1 1 1 1 0 1 0 0 1 1 1 1 1 0 1 1 0 1 1 0 1 0 0 1 0 0
pri_0064.v4_gold_conll	13/33|	1 0 0 0 1 1 1 1 1 0 0 0 1 0 0 0 0 0 1 0 0 0 0 1 0 0 1 1 0 0 1 1 0 0
pri_0066.v4_gold_conll	16/30|	0 0 1 0 1 0 1 1 1 1 1 0 0 0 1 0 0 1 1 0 0 1 1 1 0 1 0 1 1 0 0
pri_0071.v4_gold_conll	16/32|	0 0 0 1 0 1 1 1 1 0 1 0 0 0 0 0 0 0 1 1 1 1 0 1 1 0 0 1 1 1 1 0 0
pri_0078.v4_gold_conll	24/34|	1 1 1 1 0 1 1 1 1 1 1 1 0 0 0 1 0 0 0 1 1 1 1 1 1 0 1 1 1 1 1 0 1 0 0
pri_0105.v4_gold_conll	26/34|	0 0 0 1 0 1 1 0 1 1 1 1 1 1 1 1 1 1 0 1 1 1 0 1 1 1 1 1 1 1 1 1 1 0 0
voa_0061.v4_gold_conll	24/31|	0 1 1 1 1 0 0 1 1 0 1 1 1 1 1 1 1 1 1 1 1 1 1 1 1 1 0 0 1 1 0 0
----------- bn_35_40 -----------
abc_0014.v4_gold_conll	14/35|	0 0 1 1 1 0 0 0 0 1 1 0 1 0 0 1 1 0 0 0 0 1 1 1 1 0 1 0 0 0 0 0 1 0 0 0
cnn_0278.v4_gold_conll	19/37|	1 1 1 0 0 0 1 1 0 1 1 1 1 0 0 0 1 1 1 1 0 0 1 1 0 0 1 0 0 1 1 0 0 0 1 0 0 0
cnn_0311.v4_gold_conll	13/35|	0 0 1 0 0 0 0 1 1 1 1 1 1 0 1 0 0 0 0 1 1 1 0 0 1 0 0 0 0 0 0 1 0 0 0 0
cnn_0382.v4_gold_conll	14/39|	0 1 0 0 0 0 1 1 1 1 1 1 0 0 1 0 1 0 0 0 1 0 0 1 0 1 0 0 0 1 0 0 0 0 1 0 0 0 0 0
cnn_0404.v4_gold_conll	16/38|	0 0 1 1 1 1 1 1 0 1 1 1 0 0 1 1 0 0 1 1 0 0 0 0 0 0 0 1 0 0 0 0 0 0 1 1 0 0 0
cnn_0431.v4_gold_conll	16/39|	1 1 0 0 0 0 0 0 0 1 1 1 1 1 0 0 1 1 1 0 1 1 0 1 0 0 0 0 0 1 0 0 1 0 0 1 0 0 0 0
cnn_0433.v4_gold_conll	13/38|	1 1 0 0 1 0 0 1 0 0 0 0 0 0 0 1 0 0 0 0 1 1 0 0 0 0 1 1 1 1 0 0 1 1 0 0 0 0 0
mnb_0011.v4_gold_conll	26/38|	1 1 1 1 1 1 1 0 1 1 0 0 0 1 0 1 0 0 0 0 1 0 0 1 1 1 1 1 1 1 1 1 1 1 1 1 1 0 0
pri_0016.v4_gold_conll	24/37|	0 0 1 1 0 1 1 1 1 0 0 0 1 1 1 0 0 0 1 1 1 1 0 1 1 1 1 1 0 0 1 1 1 1 1 1 0 0
pri_0023.v4_gold_conll	25/39|	0 1 1 0 1 1 1 1 0 1 0 0 0 1 1 1 0 0 1 0 1 0 0 1 1 1 1 1 1 1 1 0 0 1 1 1 1 1 0 0
pri_0035.v4_gold_conll	29/37|	1 1 1 1 1 1 1 1 0 1 0 0 0 1 1 1 1 0 1 0 1 1 0 1 1 1 1 1 1 1 1 1 1 1 1 1 0 0
pri_0053.v4_gold_conll	17/37|	1 0 0 0 0 1 0 1 1 1 1 0 1 0 0 1 0 1 0 0 0 0 1 1 1 1 1 0 0 0 1 1 1 0 0 0 0 0
pri_0074.v4_gold_conll	26/35|	0 1 1 1 1 0 1 0 1 1 1 1 1 0 0 1 1 1 1 0 1 1 1 1 1 1 0 1 0 1 1 1 1 1 0 0
pri_0093.v4_gold_conll	27/35|	1 1 1 1 1 1 1 1 1 1 1 1 0 1 1 0 1 0 1 1 0 0 1 1 0 1 0 1 1 1 1 1 1 1 0 0
----------- bn_40_45 -----------
abc_0038.v4_gold_conll	34/41|	1 1 1 1 0 0 1 1 1 1 1 1 1 1 1 1 1 0 0 0 1 1 0 0 1 1 1 1 1 1 1 1 1 1 1 1 1 1 1 1 1 0
cnn_0324.v4_gold_conll	29/44|	1 1 0 0 1 0 0 0 1 0 0 0 1 1 1 0 1 1 1 1 1 1 0 1 1 1 1 1 1 1 1 1 1 1 0 0 1 0 1 1 1 1 0 0 0
cnn_0335.v4_gold_conll	17/40|	1 0 0 0 1 0 0 0 0 1 0 0 1 0 0 1 0 0 1 0 0 1 1 1 0 0 0 1 1 1 0 0 0 1 1 0 1 1 1 0 0
cnn_0432.v4_gold_conll	17/40|	1 1 0 0 0 1 0 1 1 1 0 0 0 0 0 0 0 0 0 1 0 0 0 1 1 1 1 0 0 1 0 0 1 1 0 1 1 1 0 0 0
nbc_0012.v4_gold_conll	25/44|	0 1 1 1 0 1 1 0 0 1 1 0 0 1 1 1 0 0 1 1 1 1 0 1 0 1 1 1 1 1 0 0 1 1 0 1 0 0 0 1 0 0 1 0 0
nbc_0016.v4_gold_conll	19/40|	0 1 1 0 1 1 1 1 0 0 1 0 0 0 0 1 1 0 1 1 1 0 1 0 0 1 0 0 0 0 0 0 1 1 1 1 1 0 0 0 0
pri_0005.v4_gold_conll	27/44|	0 0 1 0 0 1 1 1 1 1 1 1 1 1 1 1 0 1 0 1 1 1 1 1 0 1 0 1 1 1 0 0 0 1 1 0 0 1 0 1 0 1 0 0 0
pri_0027.v4_gold_conll	25/42|	0 0 1 1 1 1 0 1 1 1 1 1 1 1 1 0 0 0 1 1 0 1 1 1 0 0 1 0 0 0 1 1 0 0 1 1 1 0 1 0 1 0 0
pri_0038.v4_gold_conll	23/42|	1 0 1 0 1 1 0 0 0 1 1 1 1 1 1 0 0 1 1 0 1 1 0 1 0 0 0 0 0 1 1 1 0 0 0 1 1 1 1 0 1 0 0
pri_0048.v4_gold_conll	22/41|	0 0 1 0 0 0 1 1 0 0 1 0 1 0 0 0 0 1 1 1 1 1 1 0 0 0 0 1 1 0 0 1 1 1 1 1 0 1 1 1 1 0
pri_0076.v4_gold_conll	19/42|	1 1 1 0 1 1 1 1 1 1 1 1 0 0 0 0 0 0 1 1 1 0 0 1 1 0 0 0 0 0 0 0 0 0 0 0 0 1 1 1 0 0 0
pri_0103.v4_gold_conll	28/41|	1 1 0 0 1 1 1 1 1 1 1 1 1 1 1 1 0 1 1 1 1 1 1 1 0 0 0 1 1 1 0 1 0 0 1 1 0 0 1 0 0 0
pri_0106.v4_gold_conll	20/42|	0 0 1 0 1 0 1 0 1 0 1 1 0 0 0 0 1 1 0 1 1 1 1 1 1 0 0 0 0 1 1 1 0 0 0 1 1 0 0 1 0 0 0
----------- bn_45_50 -----------
cnn_0253.v4_gold_conll	23/48|	1 0 1 0 0 1 0 0 0 0 0 0 0 1 0 0 1 0 1 1 0 0 1 1 1 1 0 1 1 1 1 1 1 1 1 0 0 0 0 0 1 1 1 0 1 0 0 0 0
cnn_0338.v4_gold_conll	1/47|	0 0 0 0 1 0 0 0 0 0 0 0 0 0 0 0 0 0 0 0 0 0 0 0 0 0 0 0 0 0 0 0 0 0 0 0 0 0 0 0 0 0 0 0 0 0 0 0
cnn_0362.v4_gold_conll	20/49|	1 1 1 1 0 0 0 0 1 1 1 0 0 0 0 0 0 0 0 0 1 1 1 1 0 0 1 0 1 1 0 0 1 0 0 0 0 0 1 1 0 0 1 1 0 0 0 0 1 0
mnb_0023.v4_gold_conll	23/48|	1 0 1 1 1 1 1 0 1 0 0 0 1 0 0 0 0 1 1 0 1 0 0 1 1 1 1 0 0 1 1 1 0 0 1 0 0 0 1 0 0 1 1 1 0 0 0 0 0
pri_0026.v4_gold_conll	39/45|	1 1 1 0 0 1 1 0 1 1 1 1 1 1 1 1 1 1 1 1 1 1 1 1 1 1 1 1 1 1 0 0 1 1 1 1 1 1 1 1 1 1 1 1 0 0
pri_0094.v4_gold_conll	19/48|	1 1 1 1 1 0 1 1 1 1 0 0 0 0 1 0 0 0 0 0 0 0 0 0 0 1 0 1 1 1 1 0 0 1 1 0 0 0 0 0 0 0 0 0 0 1 1 0 0
pri_0096.v4_gold_conll	23/46|	0 1 0 1 0 1 1 0 0 0 1 0 0 1 1 0 1 0 0 0 0 1 0 1 1 1 1 0 0 0 1 1 1 1 1 1 0 0 0 1 0 1 1 0 1 0 0
----------- bn_5_10 -----------
cnn_0011.v4_gold_conll	3/6|	0 1 0 1 0 1 0
cnn_0034.v4_gold_conll	0/7|	0 0 0 0 0 0 0 0
cnn_0061.v4_gold_conll	2/6|	1 1 0 0 0 0 0
cnn_0083.v4_gold_conll	4/7|	0 0 1 1 1 0 1 0
cnn_0084.v4_gold_conll	4/7|	1 1 0 1 1 0 0 0
cnn_0125.v4_gold_conll	4/5|	0 1 1 1 1 0
cnn_0133.v4_gold_conll	6/6|	1 1 1 1 1 1 0
cnn_0192.v4_gold_conll	3/7|	1 1 1 0 0 0 0 0
cnn_0206.v4_gold_conll	4/5|	0 1 1 1 1 0
cnn_0232.v4_gold_conll	6/6|	1 1 1 1 1 1 0
cnn_0258.v4_gold_conll	7/8|	1 1 1 1 1 0 1 1 0
cnn_0264.v4_gold_conll	3/5|	0 1 1 1 0 0
cnn_0277.v4_gold_conll	5/9|	1 1 1 0 1 0 1 0 0 0
cnn_0303.v4_gold_conll	3/8|	0 1 0 1 1 0 0 0 0
cnn_0318.v4_gold_conll	1/5|	0 1 0 0 0 0
cnn_0365.v4_gold_conll	3/9|	0 0 0 1 1 0 1 0 0 0
cnn_0392.v4_gold_conll	5/8|	0 1 0 1 1 0 1 1 0
cnn_0405.v4_gold_conll	2/5|	0 1 0 1 0 0
pri_0001.v4_gold_conll	4/7|	0 0 1 1 1 1 0 0
pri_0002.v4_gold_conll	3/7|	1 0 0 1 1 0 0 0
pri_0031.v4_gold_conll	3/9|	0 1 0 0 1 0 0 1 0 0
pri_0042.v4_gold_conll	2/6|	1 0 0 0 1 0 0
pri_0065.v4_gold_conll	2/8|	1 0 0 0 1 0 0 0 0
pri_0098.v4_gold_conll	2/7|	0 0 1 0 0 0 1 0
voa_0003.v4_gold_conll	3/5|	1 1 1 0 0 0
voa_0052.v4_gold_conll	5/8|	1 0 1 1 1 1 0 0 0
voa_0094.v4_gold_conll	6/9|	1 1 1 1 1 1 0 0 0 0
voa_0143.v4_gold_conll	8/9|	0 1 1 1 1 1 1 1 1 0
voa_0153.v4_gold_conll	5/5|	1 1 1 1 1 0
voa_0178.v4_gold_conll	1/9|	0 0 0 1 0 0 0 0 0 0
----------- nw_0_5 -----------
chtb_0064.v4_gold_conll	1/2|	1 0 0
chtb_0171.v4_gold_conll	2/4|	0 1 1 0 0
chtb_0188.v4_gold_conll	1/2|	1 0 0
chtb_0228.v4_gold_conll	2/3|	1 1 0 0
wsj_0424.v4_gold_conll	2/2|	1 1 0
wsj_1030.v4_gold_conll	2/3|	1 1 0 0
wsj_1082.v4_gold_conll	1/3|	1 0 0 0
wsj_1090.v4_gold_conll	1/1|	1 0
wsj_1127.v4_gold_conll	3/3|	1 1 1 0
wsj_1152.v4_gold_conll	1/4|	0 1 0 0 0
wsj_1183.v4_gold_conll	3/3|	1 1 1 0
wsj_1228.v4_gold_conll	2/4|	1 0 0 1 0
wsj_1236.v4_gold_conll	1/4|	0 0 0 1 0
wsj_1240.v4_gold_conll	3/3|	1 1 1 0
wsj_1277.v4_gold_conll	1/2|	1 0 0
wsj_1301.v4_gold_conll	3/3|	1 1 1 0
wsj_1357.v4_gold_conll	4/4|	1 1 1 1 0
wsj_1370.v4_gold_conll	2/2|	1 1 0
wsj_1385.v4_gold_conll	2/2|	1 1 0
wsj_1414.v4_gold_conll	3/3|	1 1 1 0
wsj_1476.v4_gold_conll	2/4|	1 0 0 1 0
wsj_1497.v4_gold_conll	4/4|	1 1 1 1 0
wsj_1498.v4_gold_conll	1/1|	1 0
wsj_1513.v4_gold_conll	2/2|	1 1 0
wsj_1521.v4_gold_conll	1/2|	1 0 0
wsj_1527.v4_gold_conll	2/2|	1 1 0
wsj_1545.v4_gold_conll	1/4|	0 1 0 0 0
wsj_1557.v4_gold_conll	2/4|	1 0 0 1 0
wsj_1573.v4_gold_conll	1/4|	1 0 0 0 0
wsj_1989.v4_gold_conll	3/4|	1 1 0 1 0
----------- nw_10_15 -----------
chtb_0022.v4_gold_conll	8/10|	0 1 1 1 1 1 1 1 1 0 0
chtb_0047.v4_gold_conll	11/12|	1 1 1 1 1 1 1 1 1 1 1 0 0
chtb_0061.v4_gold_conll	9/11|	1 1 1 1 1 1 0 1 1 1 0 0
chtb_0074.v4_gold_conll	8/11|	0 1 1 1 0 1 1 1 1 1 0 0
chtb_0091.v4_gold_conll	8/12|	0 0 1 0 1 1 1 1 1 1 1 0 0
chtb_0115.v4_gold_conll	9/12|	1 1 0 1 0 1 1 1 1 1 1 0 0
chtb_0134.v4_gold_conll	12/14|	1 1 1 1 1 1 1 1 1 1 0 1 1 0 0
chtb_0163.v4_gold_conll	6/10|	0 1 1 1 1 1 1 0 0 0 0
chtb_0168.v4_gold_conll	8/12|	1 1 1 1 1 1 0 0 0 1 1 0 0
chtb_0223.v4_gold_conll	7/10|	0 1 1 1 0 1 1 1 1 0 0
chtb_0241.v4_gold_conll	7/10|	0 1 1 1 1 1 1 0 1 0 0
chtb_0244.v4_gold_conll	10/14|	0 1 1 0 0 1 0 1 1 1 1 1 1 1 0
chtb_0255.v4_gold_conll	12/13|	1 1 1 1 1 1 1 1 1 1 1 1 0 0
chtb_0262.v4_gold_conll	7/10|	1 1 1 1 0 0 1 1 1 0 0
chtb_0301.v4_gold_conll	9/10|	1 1 1 1 1 1 1 1 1 0 0
chtb_0306.v4_gold_conll	6/14|	1 1 0 0 0 0 0 0 1 1 1 1 0 0 0
chtb_0311.v4_gold_conll	7/11|	0 0 1 1 1 1 1 0 1 1 0 0
chtb_0312.v4_gold_conll	10/11|	1 1 1 1 1 1 1 1 1 1 0 0
chtb_0318.v4_gold_conll	8/13|	1 0 1 0 0 1 1 1 1 1 0 1 0 0
wsj_1062.v4_gold_conll	9/11|	1 1 1 0 1 1 1 1 1 1 0 0
wsj_1064.v4_gold_conll	9/12|	1 1 1 1 0 0 1 1 1 0 1 1 0
wsj_1095.v4_gold_conll	5/10|	0 0 1 1 1 1 1 0 0 0 0
wsj_1138.v4_gold_conll	8/12|	0 0 0 0 1 1 1 1 1 1 1 1 0
wsj_1141.v4_gold_conll	8/11|	0 1 1 1 1 1 0 0 1 1 1 0
wsj_1252.v4_gold_conll	0/10|	0 0 0 0 0 0 0 0 0 0 0
wsj_1287.v4_gold_conll	13/14|	1 1 1 1 0 1 1 1 1 1 1 1 1 1 0
wsj_1407.v4_gold_conll	9/11|	1 1 1 0 1 1 1 1 1 1 0 0
wsj_1438.v4_gold_conll	5/12|	1 1 1 0 0 0 0 0 1 0 1 0 0
wsj_1585.v4_gold_conll	7/10|	1 1 0 1 1 0 1 1 1 0 0
wsj_2047.v4_gold_conll	5/12|	1 1 1 0 0 0 0 0 0 1 0 1 0
----------- nw_15_20 -----------
chtb_0008.v4_gold_conll	12/16|	0 1 1 1 1 1 0 0 1 1 1 1 1 1 1 0 0
chtb_0025.v4_gold_conll	13/15|	0 1 1 1 1 1 1 1 1 1 1 1 1 1 0 0
chtb_0031.v4_gold_conll	11/15|	1 1 1 1 1 1 1 0 0 1 1 1 1 0 0 0
chtb_0035.v4_gold_conll	10/15|	1 1 1 0 0 1 1 0 1 0 1 1 1 1 0 0
chtb_0053.v4_gold_conll	17/18|	1 1 1 1 1 1 1 1 1 1 1 1 1 1 1 1 1 0 0
chtb_0058.v4_gold_conll	11/15|	0 1 1 1 1 1 1 1 0 1 1 0 1 1 0 0
chtb_0071.v4_gold_conll	13/18|	0 1 1 1 1 1 1 1 1 0 1 1 1 1 0 0 1 0 0
chtb_0083.v4_gold_conll	13/16|	0 1 0 1 1 1 1 1 1 1 1 1 1 1 1 0 0
chtb_0093.v4_gold_conll	14/16|	1 1 1 1 1 1 1 1 0 1 1 1 1 1 1 0 0
chtb_0136.v4_gold_conll	14/15|	1 1 1 1 1 1 1 1 1 1 1 1 1 1 0 0
chtb_0193.v4_gold_conll	10/18|	0 1 1 1 1 0 0 0 0 1 0 0 1 1 1 1 0 1 0
chtb_0196.v4_gold_conll	7/15|	0 1 1 1 0 0 1 0 1 0 1 1 0 0 0 0
chtb_0216.v4_gold_conll	11/17|	0 1 0 0 1 1 1 1 1 1 0 1 1 1 1 0 0 0
chtb_0261.v4_gold_conll	15/17|	1 1 0 1 1 1 1 1 1 1 1 1 1 1 1 1 0 0
chtb_0291.v4_gold_conll	14/17|	1 1 1 1 1 1 0 1 1 1 1 1 1 1 1 0 0 0
chtb_0294.v4_gold_conll	13/17|	0 1 0 1 1 1 1 1 1 1 1 1 1 0 1 1 0 0
chtb_0307.v4_gold_conll	11/15|	1 1 1 1 1 1 0 1 1 1 1 0 1 0 0 0
chtb_0316.v4_gold_conll	9/17|	0 1 1 1 0 0 1 0 1 1 1 0 1 0 0 1 0 0
wsj_1034.v4_gold_conll	10/17|	1 1 0 0 1 1 0 1 1 1 0 1 0 1 0 0 1 0
wsj_1053.v4_gold_conll	10/19|	1 1 1 0 0 0 0 0 1 1 1 0 0 0 0 1 1 1 1 0
wsj_1103.v4_gold_conll	13/18|	1 1 1 0 1 0 1 1 1 1 1 0 1 1 0 0 1 1 0
wsj_1145.v4_gold_conll	14/18|	1 1 0 0 0 1 0 1 1 1 1 1 1 1 1 1 1 1 0
wsj_1178.v4_gold_conll	12/15|	1 1 0 1 1 1 1 1 0 0 1 1 1 1 1 0
wsj_1261.v4_gold_conll	12/17|	1 1 0 1 1 0 1 0 1 1 1 1 1 1 0 0 1 0
wsj_1262.v4_gold_conll	8/18|	0 0 1 0 0 1 1 0 1 0 1 0 1 1 1 0 0 0 0
wsj_1396.v4_gold_conll	14/16|	1 1 1 1 1 1 1 0 1 0 1 1 1 1 1 1 0
wsj_1412.v4_gold_conll	4/17|	1 0 0 1 0 0 0 1 0 0 0 0 0 1 0 0 0 0
wsj_1429.v4_gold_conll	10/19|	1 0 0 0 1 0 0 1 1 0 1 0 0 0 1 1 1 1 1 0
wsj_1563.v4_gold_conll	13/18|	1 1 1 0 0 1 0 1 1 0 1 1 1 1 0 1 1 1 0
wsj_1591.v4_gold_conll	11/16|	0 1 1 1 1 1 1 1 1 1 0 1 1 0 0 0 0
----------- nw_20_25 -----------
chtb_0013.v4_gold_conll	23/24|	1 1 1 1 1 1 1 1 1 1 1 1 1 1 1 1 1 1 1 1 1 1 1 0 0
chtb_0038.v4_gold_conll	12/21|	0 1 1 1 0 0 1 1 0 1 0 1 1 1 0 1 1 0 0 1 0 0
chtb_0086.v4_gold_conll	16/20|	1 1 1 1 1 1 1 0 1 0 1 0 1 1 1 1 1 1 1 0 0
chtb_0096.v4_gold_conll	14/22|	1 0 0 1 0 0 1 1 1 1 1 0 1 1 1 1 1 1 1 0 0 0 0
chtb_0118.v4_gold_conll	18/23|	1 1 1 1 1 1 1 1 1 1 1 1 0 0 0 1 1 1 1 1 0 1 0 0
chtb_0242.v4_gold_conll	13/20|	0 1 1 1 1 1 1 0 0 0 0 1 1 0 1 1 1 1 1 0 0
chtb_0251.v4_gold_conll	17/22|	1 1 1 1 0 1 1 1 1 1 1 1 1 0 1 1 1 0 0 1 1 0 0
chtb_0254.v4_gold_conll	12/22|	1 1 1 1 1 1 1 1 1 0 1 0 0 1 0 0 1 0 0 0 0 0 0
chtb_0257.v4_gold_conll	12/24|	1 0 1 0 1 1 1 1 1 0 0 1 0 0 1 1 0 1 0 0 1 0 0 0 0
chtb_0267.v4_gold_conll	16/22|	1 1 0 1 1 1 1 0 0 1 1 1 0 0 1 1 1 1 1 1 1 0 0
chtb_0284.v4_gold_conll	18/20|	0 1 1 1 1 1 1 1 1 1 1 1 1 1 1 1 1 1 1 0 0
chtb_0308.v4_gold_conll	15/22|	1 0 1 1 1 1 1 1 1 1 1 0 0 1 0 1 1 0 1 1 0 0 0
wsj_1004.v4_gold_conll	20/21|	1 1 1 1 1 1 1 1 1 0 1 1 1 1 1 1 1 1 1 1 1 0
wsj_1007.v4_gold_conll	17/21|	1 1 1 1 1 1 1 1 1 1 0 1 1 1 1 1 1 1 0 0 0 0
wsj_1110.v4_gold_conll	17/23|	1 1 0 0 1 1 0 1 1 1 1 1 1 1 0 1 1 0 1 0 1 1 1 0
wsj_1123.v4_gold_conll	12/21|	1 1 1 0 1 0 1 1 0 0 1 1 1 0 1 1 0 0 0 1 0 0
wsj_1125.v4_gold_conll	11/23|	1 1 0 0 0 1 1 0 1 1 1 1 0 0 0 1 0 0 0 1 0 0 1 0
wsj_1126.v4_gold_conll	16/21|	0 1 1 1 1 0 1 1 1 1 1 0 0 1 1 1 1 0 1 1 1 0
wsj_1151.v4_gold_conll	17/23|	1 1 1 1 0 1 1 1 0 0 1 0 1 1 1 1 1 1 1 0 1 0 1 0
wsj_1172.v4_gold_conll	15/23|	1 1 1 0 0 0 0 1 1 1 0 1 1 1 0 1 1 1 1 0 1 1 0 0
wsj_1184.v4_gold_conll	20/24|	1 1 1 1 1 1 1 1 0 1 0 0 1 1 1 1 1 1 1 1 1 1 1 0 0
wsj_1258.v4_gold_conll	10/20|	0 0 0 0 1 0 1 1 1 1 1 0 0 1 1 1 0 0 0 1 0
wsj_1349.v4_gold_conll	18/22|	1 1 1 1 0 1 1 1 0 1 1 1 0 1 1 1 1 1 1 1 1 0 0
wsj_1404.v4_gold_conll	15/20|	1 1 1 1 1 0 1 1 0 0 1 1 1 1 1 1 1 0 0 1 0
wsj_1416.v4_gold_conll	13/20|	0 1 1 1 1 1 1 0 1 1 0 1 0 1 1 0 1 1 0 0 0
wsj_1423.v4_gold_conll	18/23|	1 1 1 1 1 1 1 0 1 1 0 1 1 1 1 1 1 0 1 0 1 0 1 0
wsj_1447.v4_gold_conll	16/21|	1 1 1 0 0 0 1 1 1 1 1 1 0 1 0 1 1 1 1 1 1 0
wsj_1512.v4_gold_conll	18/24|	1 1 0 1 1 0 0 0 1 1 1 1 1 1 0 1 1 1 1 0 1 1 1 1 0
wsj_1560.v4_gold_conll	20/23|	1 1 1 0 1 1 1 1 1 0 1 1 1 1 1 1 1 1 1 1 1 0 1 0
wsj_1947.v4_gold_conll	3/22|	0 0 0 0 1 0 0 0 0 0 0 0 0 0 0 1 1 0 0 0 0 0 0
----------- nw_25_30 -----------
chtb_0024.v4_gold_conll	18/27|	0 1 1 0 1 1 1 0 0 1 1 1 0 1 1 1 1 0 0 0 1 1 1 1 1 1 0 0
chtb_0042.v4_gold_conll	23/27|	0 1 1 0 1 1 1 1 1 1 1 1 1 1 1 1 1 1 0 1 1 1 1 1 1 1 0 0
chtb_0052.v4_gold_conll	16/25|	1 1 0 1 1 1 1 1 1 0 0 1 1 1 1 1 1 0 0 1 0 1 0 0 0 0
chtb_0068.v4_gold_conll	21/25|	0 1 1 1 0 1 1 1 1 1 1 1 1 1 1 1 1 1 1 1 1 0 1 0 1 0
chtb_0088.v4_gold_conll	19/25|	1 1 1 1 1 0 1 1 1 1 1 1 1 1 1 0 1 1 0 1 0 0 1 1 0 0
chtb_0112.v4_gold_conll	10/27|	0 0 1 1 0 0 1 0 0 0 1 1 1 0 0 1 0 0 1 0 0 0 0 1 0 1 0 0
chtb_0143.v4_gold_conll	23/27|	0 1 1 1 0 0 1 1 1 1 1 1 1 1 1 1 1 1 1 1 1 1 1 1 1 1 0 0
chtb_0147.v4_gold_conll	26/29|	1 1 1 1 1 1 1 1 1 1 1 1 1 1 1 1 1 1 0 1 1 1 0 1 1 1 1 1 0 0
chtb_0208.v4_gold_conll	23/25|	1 1 1 1 1 1 1 1 1 1 1 1 1 1 1 1 1 1 1 1 0 1 1 1 0 0
chtb_0252.v4_gold_conll	17/28|	0 0 0 0 1 1 1 0 1 0 1 1 1 1 1 0 1 0 1 1 1 1 1 1 1 0 0 0 0
chtb_0315.v4_gold_conll	23/26|	1 0 1 1 1 1 0 1 1 1 1 1 1 1 1 1 1 1 1 1 1 1 1 1 1 0 0
wsj_0590.v4_gold_conll	13/29|	0 1 0 0 0 1 1 0 1 1 0 1 0 1 1 0 1 0 1 0 1 0 0 0 0 0 1 0 1 0
wsj_0655.v4_gold_conll	25/27|	1 1 1 1 1 1 1 1 1 1 0 1 1 1 1 1 1 1 0 1 1 1 1 1 1 1 1 0
wsj_0755.v4_gold_conll	13/29|	0 0 0 0 0 1 0 1 1 0 0 1 1 0 1 0 1 0 0 0 0 0 1 1 1 1 1 0 1 0
wsj_1043.v4_gold_conll	9/29|	0 0 1 1 0 1 0 1 1 1 0 0 0 0 0 1 0 1 0 0 0 0 0 0 0 0 0 1 0 0
wsj_1092.v4_gold_conll	13/28|	1 1 1 1 0 0 0 1 1 0 0 1 1 0 0 1 0 0 0 1 0 1 1 0 0 0 0 1 0
wsj_1102.v4_gold_conll	17/28|	1 1 0 0 1 1 0 1 1 1 0 1 1 1 1 1 1 1 1 0 0 1 0 1 0 0 0 0 0
wsj_1139.v4_gold_conll	18/26|	0 1 1 0 1 0 1 1 1 1 1 1 1 1 1 0 1 1 1 1 1 1 0 0 0 0 0
wsj_1140.v4_gold_conll	17/29|	1 1 0 0 0 0 1 0 1 1 1 1 1 1 0 1 0 0 0 0 0 1 1 1 1 1 1 1 0 0
wsj_1149.v4_gold_conll	20/27|	1 1 1 1 1 1 0 1 0 1 0 1 1 0 1 1 1 1 0 0 1 1 1 1 0 1 1 0
wsj_1190.v4_gold_conll	23/27|	1 1 1 1 1 1 1 1 1 1 0 0 1 1 1 1 1 1 1 1 1 0 0 1 1 1 1 0
wsj_1246.v4_gold_conll	17/27|	1 1 0 0 0 1 1 1 1 0 1 1 0 0 1 0 0 1 1 1 0 1 1 0 1 1 1 0
wsj_1253.v4_gold_conll	19/27|	1 0 0 0 1 1 0 1 1 1 1 1 0 1 1 0 1 1 0 1 1 1 1 0 1 1 1 0
wsj_1335.v4_gold_conll	16/27|	1 1 1 1 1 0 1 1 1 1 0 0 1 1 1 1 1 0 0 0 1 1 0 0 0 0 0 0
wsj_1386.v4_gold_conll	17/29|	1 1 1 1 1 1 0 0 1 1 1 1 1 1 1 1 0 0 0 1 0 0 0 0 0 0 1 0 1 0
wsj_1389.v4_gold_conll	14/28|	0 1 0 0 0 1 0 1 1 0 1 1 0 0 1 1 1 1 1 1 1 0 1 0 0 0 0 0 0
wsj_1391.v4_gold_conll	20/28|	1 1 1 0 1 1 0 1 1 1 1 0 1 1 1 1 1 1 1 1 1 0 0 0 0 1 0 1 0
wsj_1405.v4_gold_conll	21/28|	1 1 1 1 1 1 1 1 0 1 1 1 1 0 0 1 0 1 1 1 1 0 1 0 0 1 1 1 0
wsj_1482.v4_gold_conll	19/25|	0 1 0 1 1 1 1 1 0 0 0 1 1 1 0 1 1 1 1 1 1 1 1 1 1 0
wsj_1846.v4_gold_conll	16/26|	1 0 1 0 1 1 1 1 1 1 1 1 1 1 1 0 1 0 1 0 1 0 0 0 0 0 0
----------- nw_30_35 -----------
chtb_0142.v4_gold_conll	19/30|	0 1 1 1 1 1 1 0 1 0 1 1 0 0 1 1 1 0 1 0 1 1 1 0 0 0 1 1 1 0 0
chtb_0258.v4_gold_conll	25/31|	0 1 0 1 1 1 1 1 1 1 0 1 1 1 1 0 1 1 1 1 1 1 1 1 1 1 0 1 1 1 0 0
wsj_0347.v4_gold_conll	13/30|	1 0 0 0 0 0 0 0 0 0 1 0 1 1 1 0 1 0 1 1 0 1 0 1 0 1 0 1 0 1 0
wsj_0587.v4_gold_conll	17/33|	1 0 0 0 1 0 1 1 1 1 0 1 1 0 1 1 0 0 1 0 1 0 1 1 1 0 1 0 0 0 0 1 0 0
wsj_1000.v4_gold_conll	27/32|	1 1 1 1 1 0 1 0 1 0 1 1 1 1 1 1 1 1 1 1 1 1 1 1 1 0 1 1 1 0 1 1 0
wsj_1017.v4_gold_conll	25/34|	0 1 1 1 1 0 1 1 1 1 0 0 1 0 1 1 1 0 1 1 0 0 1 1 1 1 1 1 1 1 0 1 1 1 0
wsj_1019.v4_gold_conll	24/33|	1 0 1 0 1 1 1 1 1 1 1 1 1 1 0 1 1 1 1 0 1 1 0 1 1 1 0 1 0 1 1 0 0 0
wsj_1118.v4_gold_conll	8/31|	0 0 1 0 0 0 0 1 0 1 0 1 1 0 0 0 1 0 0 1 0 0 0 0 0 1 0 0 0 0 0 0
wsj_1143.v4_gold_conll	22/33|	1 0 1 0 0 0 0 1 1 0 0 0 1 1 1 0 0 1 1 1 1 1 1 1 1 1 1 0 1 1 1 1 1 0
wsj_1160.v4_gold_conll	22/31|	1 1 1 0 1 1 1 1 1 0 0 1 1 1 0 1 1 0 0 0 1 1 1 1 1 0 1 1 1 1 0 0
wsj_1216.v4_gold_conll	11/31|	1 1 1 1 0 0 1 0 0 0 0 1 0 1 0 0 0 0 1 0 0 0 1 0 0 0 0 1 0 1 0 0
wsj_1264.v4_gold_conll	20/33|	1 0 1 0 1 1 0 1 1 1 0 1 0 1 1 1 1 1 1 0 0 0 1 0 0 0 0 0 1 1 1 1 1 0
wsj_1315.v4_gold_conll	21/31|	1 1 1 1 0 0 1 1 1 1 0 1 1 1 0 1 0 1 1 1 0 0 1 1 1 0 1 0 1 0 1 0
wsj_1339.v4_gold_conll	9/30|	0 0 1 0 0 0 0 1 0 1 0 1 1 0 0 0 1 0 0 1 0 0 1 0 1 0 0 0 0 0 0
wsj_1353.v4_gold_conll	13/31|	1 1 1 1 0 1 1 0 0 0 0 0 1 0 0 0 0 0 0 0 1 0 1 0 1 0 1 0 1 0 1 0
wsj_1418.v4_gold_conll	21/31|	1 1 1 0 0 1 1 1 1 1 1 1 0 1 1 1 1 1 1 1 1 1 0 0 0 0 0 0 0 1 1 0
wsj_1421.v4_gold_conll	26/31|	1 1 1 1 1 1 1 1 1 1 1 1 0 0 1 1 0 1 1 1 1 1 1 1 1 1 1 0 1 1 0 0
wsj_1434.v4_gold_conll	13/30|	0 0 1 0 1 0 0 1 0 1 0 1 1 0 0 0 1 1 0 1 1 0 1 0 1 0 0 0 0 1 0
wsj_1473.v4_gold_conll	15/31|	0 0 0 0 0 0 1 0 1 1 1 1 1 0 1 1 1 0 1 1 0 0 0 1 1 0 1 0 1 0 0 0
wsj_1502.v4_gold_conll	25/34|	1 1 1 1 1 1 0 1 0 0 1 0 1 1 1 1 1 0 0 1 1 0 1 1 1 1 0 1 1 0 1 1 1 1 0
wsj_1984.v4_gold_conll	16/33|	1 1 0 1 0 0 0 1 0 0 1 1 0 1 1 1 1 0 0 0 1 0 1 1 1 0 0 0 0 1 0 1 0 0
----------- nw_35_40 -----------
chtb_0144.v4_gold_conll	22/36|	0 1 1 1 1 1 1 1 1 1 1 1 1 1 1 0 0 0 0 0 0 1 1 1 0 1 1 1 0 1 0 0 0 1 0 0 0
chtb_0238.v4_gold_conll	29/39|	0 1 1 1 0 1 1 1 1 1 1 0 0 1 1 0 1 1 1 0 1 1 1 0 1 0 0 1 1 1 1 1 1 1 1 1 1 1 0 0
wsj_0490.v4_gold_conll	15/35|	1 1 1 0 1 0 0 1 1 0 1 0 0 1 0 1 0 1 1 0 1 0 1 0 0 0 0 0 0 0 1 0 1 0 0 0
wsj_0595.v4_gold_conll	19/36|	1 0 1 1 1 1 0 1 1 0 1 0 0 0 0 1 1 0 0 0 0 1 0 1 1 0 1 0 1 1 1 1 0 0 0 1 0
wsj_0596.v4_gold_conll	21/35|	1 1 1 1 1 1 0 0 0 0 0 1 1 1 1 1 1 1 0 1 1 0 0 0 0 1 0 1 1 1 0 0 1 1 0 0
wsj_0616.v4_gold_conll	29/35|	1 1 1 0 0 1 1 1 0 1 1 1 1 1 1 1 1 1 1 1 1 1 1 1 1 1 0 0 1 0 1 1 1 1 1 0
wsj_1041.v4_gold_conll	21/36|	1 1 1 1 1 1 1 0 1 0 0 1 1 1 1 0 0 0 1 0 1 0 1 0 0 1 0 0 1 1 0 1 0 0 1 1 0
wsj_1044.v4_gold_conll	22/38|	1 1 1 0 1 0 1 1 0 1 0 1 1 0 1 0 0 0 0 1 1 1 0 1 1 1 0 1 0 1 0 1 0 1 0 1 0 1 0
wsj_1055.v4_gold_conll	18/39|	0 0 1 0 0 0 0 1 0 1 0 1 0 0 1 1 0 1 1 0 0 0 1 1 1 1 1 0 0 0 0 1 1 0 1 0 1 0 1 0
wsj_1147.v4_gold_conll	21/35|	1 1 1 1 1 1 0 1 1 0 0 1 0 1 1 1 0 0 0 1 1 0 0 0 1 1 0 1 1 0 1 1 0 0 1 0
wsj_1158.v4_gold_conll	20/36|	1 1 1 0 1 1 1 1 1 1 1 1 1 0 0 1 1 0 0 0 0 0 0 1 0 0 0 1 1 0 0 1 1 0 1 0 0
wsj_1163.v4_gold_conll	20/36|	1 0 1 1 1 1 1 1 0 1 0 0 0 0 1 1 1 1 0 1 0 1 1 1 1 0 1 1 1 0 0 0 0 0 0 0 0
wsj_1271.v4_gold_conll	18/37|	0 0 1 1 0 1 0 1 0 1 0 0 1 1 1 1 1 0 0 0 0 0 0 0 0 1 1 1 1 1 1 1 0 0 0 1 0 0
wsj_1307.v4_gold_conll	14/36|	1 0 1 0 0 0 0 0 1 0 0 0 1 1 0 1 0 1 1 0 0 0 0 0 1 1 0 0 1 1 0 0 0 0 1 1 0
wsj_1428.v4_gold_conll	25/39|	1 1 1 1 1 1 1 1 1 0 1 1 0 1 0 1 1 1 1 0 1 1 0 0 0 0 0 0 0 1 0 1 0 0 1 1 1 1 1 0
wsj_1448.v4_gold_conll	21/38|	0 1 1 1 0 0 1 0 1 1 1 0 0 0 0 0 0 1 1 1 1 1 0 0 1 1 0 1 1 0 0 1 0 1 1 1 1 0 0
wsj_1500.v4_gold_conll	21/38|	0 1 1 0 1 1 1 0 1 1 0 0 0 1 0 0 1 1 1 1 0 0 1 1 1 1 1 1 0 0 0 1 0 1 1 0 0 0 0
wsj_1506.v4_gold_conll	28/35|	1 1 1 1 1 1 1 1 1 1 1 1 1 0 1 1 1 1 1 0 0 1 1 1 1 1 1 1 1 1 1 0 0 0 0 0
wsj_1547.v4_gold_conll	19/35|	1 1 1 0 0 1 0 1 0 1 1 1 0 1 0 1 0 0 1 1 0 1 0 1 1 0 1 0 1 0 1 0 0 1 0 0
wsj_1730.v4_gold_conll	15/36|	1 0 0 0 0 0 0 1 1 0 1 0 1 0 0 1 1 0 1 0 1 1 1 0 0 1 0 1 0 1 0 0 0 0 0 1 0
wsj_1924.v4_gold_conll	21/35|	1 1 0 0 0 0 1 1 1 1 0 1 1 1 1 0 1 0 0 1 1 1 1 0 1 0 1 0 0 1 0 1 0 1 1 0
----------- nw_40_45 -----------
chtb_0072.v4_gold_conll	27/43|	0 0 1 0 1 0 1 1 0 1 1 1 1 1 1 1 0 0 1 0 0 0 0 1 1 1 1 1 1 1 1 1 1 1 1 1 1 0 0 0 0 1 0 0
wsj_0283.v4_gold_conll	24/41|	1 1 1 1 1 1 1 0 1 1 1 1 1 0 0 1 0 0 1 0 1 1 0 0 1 1 0 0 0 1 0 1 1 0 1 0 0 0 1 0 1 0
wsj_0591.v4_gold_conll	29/40|	1 1 1 1 0 0 0 0 1 1 1 1 1 1 0 1 1 1 1 1 1 1 0 1 0 0 1 1 1 1 1 0 1 0 0 1 1 1 1 1 0
wsj_0592.v4_gold_conll	24/43|	1 0 0 1 0 0 1 1 1 1 1 1 0 0 0 0 1 0 0 0 0 0 0 1 1 0 1 1 0 0 1 1 1 1 1 1 1 1 0 0 1 1 1 0
wsj_0598.v4_gold_conll	22/42|	1 0 1 1 1 1 0 0 1 1 1 1 1 1 1 1 1 0 0 0 1 0 0 1 0 0 0 0 0 1 0 0 1 1 1 0 1 0 0 1 0 0 0
wsj_0804.v4_gold_conll	30/43|	1 1 0 1 1 1 1 1 0 1 1 1 1 0 0 1 1 1 1 1 1 1 1 0 0 1 1 1 1 0 1 1 0 0 1 0 0 0 1 1 1 1 0 0
wsj_1137.v4_gold_conll	28/43|	1 1 1 1 1 0 1 0 0 1 0 0 0 1 0 1 0 0 1 1 0 1 1 1 1 0 1 1 1 1 0 1 0 1 1 1 1 1 1 1 0 1 0 0
wsj_1174.v4_gold_conll	20/41|	0 1 1 0 1 1 1 1 1 0 1 1 1 0 1 1 0 0 1 1 0 1 0 0 1 0 0 0 0 0 0 0 0 1 1 0 0 0 0 1 1 0
wsj_1250.v4_gold_conll	24/40|	1 1 1 1 1 1 0 1 0 1 0 0 0 1 0 0 1 1 1 0 1 1 0 0 0 1 1 0 1 1 1 0 1 0 1 1 0 1 0 1 0
wsj_1274.v4_gold_conll	23/44|	0 0 1 1 0 0 0 0 0 0 0 0 1 1 1 1 1 0 1 0 1 1 1 0 0 1 1 0 1 0 1 1 1 1 1 1 1 0 0 1 0 0 0 1 0
wsj_1312.v4_gold_conll	27/43|	0 1 0 0 1 1 1 1 1 1 1 1 1 1 1 1 0 1 1 0 1 1 1 1 1 1 0 0 0 0 0 0 0 0 0 0 0 1 1 1 1 1 1 0
wsj_1323.v4_gold_conll	15/42|	0 0 1 1 1 1 0 1 0 0 0 0 0 0 0 1 0 1 0 0 0 0 0 1 1 0 0 0 0 1 0 1 0 1 0 0 0 0 0 1 1 1 0
wsj_1368.v4_gold_conll	16/40|	1 0 0 0 1 1 0 0 0 0 1 1 0 0 0 0 1 1 1 1 1 0 0 0 0 0 0 0 0 1 0 0 1 1 0 1 1 1 0 0 0
wsj_1373.v4_gold_conll	27/43|	1 1 1 1 0 0 1 0 1 1 1 1 1 0 0 1 1 0 1 0 1 1 1 1 0 0 0 0 0 0 0 1 1 1 1 1 1 0 0 1 1 1 1 0
wsj_1387.v4_gold_conll	28/41|	1 1 0 1 1 1 1 0 0 0 0 0 1 1 1 0 1 1 1 1 0 0 1 1 1 1 0 1 0 1 1 1 1 1 1 1 1 1 0 1 0 0
wsj_1435.v4_gold_conll	19/44|	1 1 1 0 1 1 0 1 1 0 1 0 0 0 1 1 0 0 0 0 1 1 0 0 0 0 0 0 0 0 1 0 0 1 0 0 1 0 1 1 1 0 1 0 0
wsj_1556.v4_gold_conll	23/41|	0 0 0 1 1 0 1 1 1 0 1 1 0 0 0 1 0 1 1 1 0 0 0 0 1 1 1 1 1 1 1 1 1 0 0 1 0 1 1 0 0 0
wsj_1566.v4_gold_conll	27/42|	0 0 0 1 1 0 1 1 0 0 1 1 1 1 1 1 0 1 0 0 0 0 1 1 1 1 1 1 1 1 1 1 1 1 1 1 1 1 0 0 0 0 0
wsj_1682.v4_gold_conll	20/40|	0 0 0 1 1 0 1 1 0 1 0 1 1 1 1 1 1 0 1 1 0 1 1 0 0 1 1 0 0 0 1 0 0 0 1 0 0 0 0 1 0
wsj_1946.v4_gold_conll	28/43|	1 1 1 1 1 0 0 0 1 1 1 1 1 1 0 0 1 1 1 0 1 0 1 1 1 0 0 0 1 1 0 1 1 1 1 0 1 1 1 0 0 1 0 0
wsj_2102.v4_gold_conll	19/40|	1 1 0 0 0 0 0 1 0 1 0 1 0 0 0 0 1 0 1 0 1 1 1 0 1 1 0 1 1 0 1 0 1 0 1 0 1 0 1 0 0
wsj_2136.v4_gold_conll	17/40|	0 0 0 0 0 1 0 0 0 1 0 1 0 0 0 0 1 1 0 1 1 1 0 1 0 0 0 1 1 0 0 1 1 1 1 0 0 1 0 1 0
----------- nw_45_50 -----------
wsj_0937.v4_gold_conll	18/48|	1 1 0 1 1 0 1 0 0 0 0 0 1 1 0 1 1 0 1 1 0 0 0 0 0 1 0 1 0 0 0 0 0 1 0 0 0 0 0 0 0 1 0 1 0 1 1 0 0
wsj_1121.v4_gold_conll	14/46|	0 0 0 0 0 0 0 0 0 0 0 0 1 1 1 0 0 0 1 0 0 0 0 0 1 1 0 0 0 0 1 1 0 1 0 1 1 0 1 1 1 0 0 0 0 0 0
wsj_1122.v4_gold_conll	25/46|	0 0 1 1 0 1 0 0 0 1 1 0 0 0 1 1 1 1 1 0 1 1 1 1 0 1 1 1 1 0 0 0 0 1 0 1 1 1 1 1 1 0 0 0 0 0 0
wsj_1162.v4_gold_conll	25/49|	1 0 1 1 0 0 1 0 0 1 1 1 1 0 1 0 0 1 1 1 1 0 0 0 0 0 0 0 1 1 0 1 0 0 1 0 0 1 1 0 1 0 1 1 1 0 0 1 1 0
wsj_1206.v4_gold_conll	42/45|	1 1 1 1 1 1 1 1 1 1 1 1 1 1 1 0 1 1 1 1 1 1 1 1 1 1 0 0 1 1 1 1 1 1 1 1 1 1 1 1 1 1 1 1 1 0
wsj_1218.v4_gold_conll	28/45|	1 0 1 1 1 1 0 1 0 1 1 1 1 0 1 1 0 0 1 1 1 1 0 1 1 1 1 1 1 0 0 0 1 0 1 0 1 1 0 1 1 0 0 0 0 0
wsj_1270.v4_gold_conll	24/48|	0 1 1 1 1 1 1 1 0 1 1 1 1 0 0 0 0 1 0 0 0 1 1 0 0 0 1 1 0 0 1 0 0 1 0 1 1 0 1 0 0 0 1 1 0 0 0 1 0
wsj_1273.v4_gold_conll	32/48|	0 1 1 0 0 0 1 1 1 0 1 1 1 1 1 1 1 0 0 1 0 1 1 1 1 1 1 0 1 1 0 0 0 0 0 1 1 1 1 1 1 1 1 1 1 0 1 0 0
wsj_1284.v4_gold_conll	24/46|	1 1 1 1 1 1 1 1 0 1 1 0 1 0 0 1 1 1 0 1 0 0 0 0 1 0 0 1 1 0 1 1 1 0 0 0 0 0 1 1 0 0 1 0 0 0 0
wsj_1296.v4_gold_conll	39/47|	1 1 1 1 1 1 1 1 1 0 1 1 1 1 1 1 1 1 1 0 1 0 1 1 1 1 1 1 0 1 1 0 1 1 1 1 1 0 1 0 1 1 1 1 1 0 1 0
wsj_1327.v4_gold_conll	29/46|	1 1 0 0 1 1 0 1 1 1 1 1 1 0 0 0 1 1 0 0 1 1 1 1 0 0 1 1 1 0 1 1 1 1 0 1 0 1 1 0 0 1 1 1 0 0 0
wsj_1424.v4_gold_conll	25/48|	0 1 1 1 0 1 0 0 1 1 0 1 0 0 1 0 1 1 0 1 0 0 0 0 1 1 1 1 0 1 1 0 0 0 0 1 0 1 1 1 1 0 0 0 0 1 1 1 0
wsj_1432.v4_gold_conll	34/47|	1 1 0 1 0 0 1 1 1 1 1 1 1 1 1 1 1 1 0 0 1 1 0 1 1 1 1 1 1 1 0 0 1 1 0 1 1 0 0 1 1 1 0 0 1 1 1 0
wsj_1436.v4_gold_conll	28/49|	1 1 1 1 1 1 1 0 0 0 1 1 0 1 1 1 1 0 1 1 0 1 0 0 0 0 0 0 1 1 1 1 1 1 0 0 0 1 1 0 1 1 0 1 1 0 0 0 0 0
wsj_1470.v4_gold_conll	25/46|	1 1 1 0 0 1 1 1 1 0 1 1 1 1 0 0 1 1 0 1 1 0 0 0 0 1 0 1 1 1 0 0 0 0 0 0 0 0 1 0 0 1 1 1 1 1 0
wsj_1474.v4_gold_conll	28/46|	1 1 1 0 1 1 0 0 1 1 1 1 1 0 0 1 0 1 1 0 1 1 1 1 1 0 1 1 1 1 0 0 1 0 0 0 1 0 0 0 0 1 1 1 1 0 0
wsj_1493.v4_gold_conll	33/49|	1 1 1 1 1 1 0 0 1 1 1 1 1 1 1 1 0 1 0 0 0 1 1 1 0 1 0 1 1 1 0 0 1 1 1 1 1 0 1 0 0 1 1 1 0 1 0 0 1 0
wsj_1499.v4_gold_conll	23/46|	0 0 0 1 1 0 0 1 0 1 1 0 1 1 1 0 0 0 0 1 1 1 1 0 1 1 0 0 1 0 0 0 0 1 1 1 1 1 0 1 0 0 1 0 1 0 0
wsj_1504.v4_gold_conll	34/49|	1 1 1 0 1 0 0 1 1 1 1 1 1 0 0 1 1 1 0 1 1 1 0 0 0 1 1 1 1 1 1 1 1 1 1 0 0 1 1 1 0 1 0 1 0 0 1 1 1 0
wsj_1515.v4_gold_conll	36/48|	1 1 1 1 1 0 0 1 0 1 1 1 1 1 0 1 1 1 1 1 1 0 0 1 0 0 1 1 1 1 1 0 1 1 1 0 1 1 1 1 1 0 1 1 1 1 1 0 0
wsj_1550.v4_gold_conll	41/48|	1 1 1 1 1 1 1 1 1 0 1 1 1 0 1 1 1 1 1 1 1 0 1 1 1 1 1 1 1 0 1 1 1 0 1 1 1 1 1 1 0 1 1 1 1 1 1 0 0
wsj_1564.v4_gold_conll	28/48|	0 0 0 0 1 1 1 1 0 1 0 0 0 1 0 1 1 1 1 0 1 1 1 1 1 1 1 1 1 0 1 1 0 1 1 0 1 1 1 0 0 0 0 0 0 1 0 1 0
wsj_1583.v4_gold_conll	23/46|	1 1 0 0 0 1 1 1 0 1 1 0 1 0 0 1 1 1 1 1 0 1 0 0 1 0 0 1 1 1 1 0 0 1 0 0 0 0 0 0 1 1 0 0 0 1 0
wsj_1695.v4_gold_conll	27/47|	1 1 0 1 0 0 0 1 0 0 1 1 1 1 0 1 1 0 0 1 1 0 1 1 0 1 1 0 1 0 1 0 0 0 1 1 1 1 0 1 1 1 0 1 0 1 0 0
wsj_2151.v4_gold_conll	24/47|	1 1 1 0 0 1 1 1 0 0 0 1 1 0 0 0 1 1 0 1 0 0 0 1 0 1 1 1 0 0 1 0 0 0 1 1 1 0 0 0 0 1 1 1 1 1 0 0
----------- nw_5_10 -----------
chtb_0002.v4_gold_conll	6/9|	0 1 1 1 1 1 1 0 0 0
chtb_0028.v4_gold_conll	4/8|	0 1 1 0 0 1 1 0 0
chtb_0044.v4_gold_conll	6/7|	1 1 1 1 1 1 0 0
chtb_0048.v4_gold_conll	7/9|	1 1 1 1 1 1 1 0 0 0
chtb_0051.v4_gold_conll	6/7|	1 1 1 1 1 1 0 0
chtb_0085.v4_gold_conll	7/9|	1 1 1 0 1 1 1 0 1 0
chtb_0095.v4_gold_conll	5/6|	1 1 1 1 1 0 0
chtb_0098.v4_gold_conll	4/6|	0 1 1 1 1 0 0
chtb_0124.v4_gold_conll	7/9|	1 1 1 1 1 1 0 1 0 0
chtb_0125.v4_gold_conll	6/7|	1 1 1 1 1 1 0 0
chtb_0158.v4_gold_conll	6/8|	0 1 1 1 1 1 1 0 0
chtb_0177.v4_gold_conll	8/9|	1 1 1 1 1 0 1 1 1 0
chtb_0212.v4_gold_conll	4/7|	1 1 0 0 1 1 0 0
chtb_0226.v4_gold_conll	6/9|	1 1 1 1 1 0 0 1 0 0
chtb_0253.v4_gold_conll	3/5|	1 1 1 0 0 0
chtb_0277.v4_gold_conll	4/7|	1 1 0 1 1 0 0 0
wsj_0597.v4_gold_conll	6/6|	1 1 1 1 1 1 0
wsj_1091.v4_gold_conll	6/7|	1 1 1 1 0 1 1 0
wsj_1116.v4_gold_conll	4/7|	1 1 0 1 0 1 0 0
wsj_1169.v4_gold_conll	4/6|	1 1 1 0 0 1 0
wsj_1188.v4_gold_conll	4/6|	1 1 1 1 0 0 0
wsj_1341.v4_gold_conll	5/5|	1 1 1 1 1 0
wsj_1343.v4_gold_conll	5/5|	1 1 1 1 1 0
wsj_1363.v4_gold_conll	5/8|	1 1 0 1 0 1 1 0 0
wsj_1431.v4_gold_conll	5/5|	1 1 1 1 1 0
wsj_1472.v4_gold_conll	5/6|	1 1 0 1 1 1 0
wsj_1514.v4_gold_conll	6/6|	1 1 1 1 1 1 0
wsj_1520.v4_gold_conll	3/5|	1 0 0 1 1 0
wsj_1537.v4_gold_conll	5/5|	1 1 1 1 1 0
wsj_1607.v4_gold_conll	9/9|	1 1 1 1 1 1 1 1 1 0
